7.571935649382451
8.134093354404987
5.333404670692954
1.7592135577184762
8.94772702248915
5.426390567055893
4.340645820328698
5.963848074163546
5.502593432899984
8.248668629962282
6.13263977500018
6.03155849222606
5.533837410803944
3.197671827186561
6.411998465869084
4.756702422451418
4.768393199109761
5.020067894853653
5.992896515457239
2.8088537481154012
5.350645474547141
6.9718645655207485
8.523829603759928
4.586388254919893
3.3774563235721966
5.913343639359928
5.745799703104599
4.245597048132121
8.630503347368979
5.041770294983208
7.345268111820602
5.904965760810284
2.5528876187498564
4.721063035672802
6.55772523377897
2.473450071972172
6.683365819844378
7.731162768617428
3.383846454044313
7.693568566369627
5.576607384573319
6.1597210780107154
4.917130082608987
3.948616208402016
4.491721029884893
4.9920243881923945
2.181164053021558
6.42533280740294
5.628219211488753
4.620510770181431
15.781077286785635
6.80172195463498
7.152151251707013
11.201894319895704
6.164716439419683
4.860609004396531
5.629164638960962
8.031703791868278
4.474678642717539
3.5808698388714584
11.503088359178635
5.225000504417841
3.4147229923899385
7.7741422945382785
6.324224503257373
3.787374445840164
7.531443585496267
2.887746709682524
6.249917536421863
11.173632981472942
6.691169400357885
5.5158241893590905
3.1470971443585984
6.6983870803880095
6.081564893279468
4.373379177921253
11.421306041751286
8.73785739014969
10.094261958684534
6.673851795375424
8.02595090605912
7.175771670743968
6.238069650820872
10.0173835054697
9.540841844306327
4.172569898401231
3.6489217866556976
5.03340901666471
5.195979320412634
5.242695899856807
3.777286361324334
6.785210279092135
4.2989471815109885
5.948474015740504
6.684242638796021
5.29350909142087
6.191376465867479
4.041964099546966
6.839356854279277
4.795923816748687
4.533624466719375
5.393973380591031
7.4223245015517225
6.401636241310159
3.60254857863319
9.817478413707363
8.04447306070315
5.621537133012587
13.6845337803245
6.379442740968732
10.059493180822912
6.587311531280834
3.316178225789097
11.090258796105944
7.713958484073592
10.050815685968038
2.0725989468742925
11.19526905217409
5.401114882562682
7.44231053850814
12.713396412451845
9.08541870488345
12.163358830951998
5.716669004230695
2.902684678560515
4.826829812290628
6.4470186800850025
3.7345436024565486
4.421668770031258
2.5781448260251634
3.6544243558235676
4.296074647554419
5.0681172299186885
8.874786995432483
4.2371800568484375
5.6803076567520465
7.305291926594182
4.883013294056328
8.415412321685935
5.222725011272182
4.3885564742224465
7.467559474639747
5.051287914430344
6.946182973348929
4.968815127511211
4.81699661553286
4.213019654828099
3.733576734745456
12.345252250377424
5.436599997872013
8.19452294669907
8.970083893674943
5.172468130993235
4.411873360397909
4.750647186332464
7.718402694433401
3.2794969166416226
8.010476943000477
10.560299923377308
6.914467198570573
5.020190372746135
7.138969433794827
4.650435263900545
5.882521772041477
8.789574241863532
4.663369958534466
4.803307148633661
4.358751821169904
3.6715496547467503
2.4218832156787276
2.797621838952007
5.993301186238522
3.9571806489134773
8.620193616134713
3.9635720914022032
8.189223580627392
5.463606124647185
4.1636330050346855
7.4923481282132105
9.744181090486084
3.528348703521367
5.067165619227869
3.2060852929845867
6.960847098096786
6.537598365646528
5.677209272196384
5.446806647762038
10.46493126138164
9.141690308258976
1.952074404069791
6.876038018614327
12.669458668698983
10.045415757971178
8.547248920632873
8.074645522780724
2.845254760386343
5.885932209665405
7.9138535074546095
5.782783154381576
10.142838744272504
5.486546797274843
2.7649041472944167
3.218336974161531
5.270461603297907
8.971282066449522
3.6112185718492107
5.634559273916237
7.31227722091755
8.939812589507193
4.91610904990743
5.722057678283841
2.2579609979311153
6.684527074870377
3.539673150975368
6.362391482964516
3.958196705221894
9.087419995853015
7.681836131662453
7.479428067618004
6.625574846547674
4.886448420494901
8.572482981736798
6.44407149945235
2.637554727135767
7.558710052507349
6.832663122459315
5.78828513830643
3.4609269884439153
8.010782621617334
7.368423526699657
3.8346790144496428
5.152064305798731
8.796446081894764
3.125950049400347
4.374871254254601
4.852793006689754
6.215023599921085
5.36380074921585
7.112673152658288
5.22531489407903
8.371191604424387
4.578424679452032
2.3006614306828306
2.2726166823525076
4.737706068718287
3.5792138394297885
4.939335314761728
9.567942835612465
6.497696014258287
11.937506727520887
7.203927850974093
4.9889772555039995
3.050475539270339
3.758421098192542
5.593579528795602
5.7272510092526785
4.532361097972056
4.005422176800601
3.7207857293517446
3.2169858583716184
2.9714739992593064
8.2215601344463
4.271249685444698
5.74344221363725
4.475531698066553
1.58809196442934
5.19512293570822
4.435157099986606
6.063833175243305
5.61866955955555
3.5478620933594485
5.09986711267509
2.89512128507881
4.836726102373116
4.975817299757002
5.208079272349169
7.097748460682788
8.42970754601679
1.7169055055773634
4.131054693223978
4.395331229938982
4.257138519918122
4.160440401234121
6.8293198118614535
6.978192840195247
3.2719721478868524
5.810666269181529
8.98881180100749
4.617241695054107
8.189253928899898
4.912318542403886
6.724568600063137
3.537921980513787
8.980676553043425
6.698605020424529
5.886783788680166
6.032168050050631
4.485253629256785
7.68188364222057
6.87929775196093
2.0202991392310374
8.081103692184067
6.0062250507728665
5.324263893762209
3.9582084602741157
6.542795321913439
9.51607965920288
5.394572638538473
3.2153606021725825
6.843763416694084
3.9552704021918728
6.135728417173299
3.669532175559845
2.9391209796312063
5.095048422229199
2.626832715321604
3.0684679160731254
5.470262619567984
8.89712576897066
5.337823549178565
4.477039135125125
3.1447024895243243
5.965025923695683
10.555031412728855
8.840300680487946
3.8369992001939406
5.7166446790554435
5.449340240713338
7.660910761014982
7.594936342871124
6.803451458487342
2.423793309267617
5.038142866289652
6.8452852599905425
4.355668947256582
7.10420433695906
6.12574016042944
3.9638903219054744
6.299856418259227
3.8984283360025707
5.592158417473562
4.87856238959818
4.387635892111509
2.944075323254202
9.926460983245741
8.2086688105524
5.15589403433702
6.382291393793822
3.3991825238927174
1.3980850547217243
3.9859740122643004
9.898458466284907
3.912619973841145
3.9462540349839395
3.3549743320377683
8.095324826088541
5.89064623036678
5.992169246186447
9.883244249807149
5.62169243793302
5.196260745259596
4.900210718526685
4.883867073272944
8.3405836505518
5.103491883533382
3.26790927122379
2.9924167490997764
7.228668341063089
4.193376916390237
4.235852569198185
5.067729044627614
3.9421824978413085
6.071432108154655
6.562361446036502
3.349935734669385
7.917454490928179
3.585670552243978
3.3439526738743055
5.3064148552153405
5.30704180732049
3.0536104070427217
1.2371285792986688
6.370399012439602
3.0915038506489267
5.088851406112175
5.579449394073022
3.630487023467345
9.117128666772116
5.9218975732606385
4.215197377739414
6.735024220701869
3.1467447310873133
6.023088243692655
4.030120956114647
6.612986256439115
10.685760676896914
2.65032175576688
4.225300857647635
5.475619764737762
4.214479494136337
1.9440083423171306
5.3342429258561
8.290182565476464
5.681191333094257
3.040446878129275
7.041750261151239
2.3653136383749875
4.780163405116185
9.453788542534108
9.773458881444341
10.188756401120317
7.805456654963568
2.6596996719700536
5.786081987466525
4.159050060567268
6.68273524001532
2.943122424482509
4.166783655207912
3.7659778954645216
9.616067851564454
5.253939792297495
10.514698004733523
3.6391870586378543
6.6120619081845975
6.884675863350841
5.149625454316174
10.349915838739204
4.043605884391366
11.861788843324351
3.095021339971232
6.4872229746722825
7.03710835408533
2.6431660390888867
4.960587406310037
8.898598803185921
7.675318516913825
5.400293561886546
5.426631465199037
7.026476986575351
7.581573941015838
4.370153388063976
4.403963447371875
5.363471330540972
6.857808378518825
13.060519064425128
3.2516946436547443
5.749646631504345
6.3882305466276375
4.8324120383922455
5.870981142081489
8.884581709469032
8.69894614886184
2.8446088234590987
10.008750067666996
5.284935155246758
3.7880059092457454
9.57123172011844
7.655475337541021
5.167190178492248
5.573646333667794
6.920742414669657
4.924956797579789
6.443796828329407
2.0412982755377027
2.753117106093019
6.6329539627956
8.383616606329257
5.485822491625109
3.2275884669931783
4.799051287055635
3.73281866377362
7.99535750893361
6.255758874298098
5.832925486847109
4.901998562856946
5.645164332217486
9.27375787072466
7.371628737040298
4.4504651201447
7.0014210027674135
6.233609183477649
5.646982307358659
4.091949157468424
3.5621731568589565
7.426075185907063
6.435254665277258
4.65294354066352
5.411992127804914
4.687515279297129
9.08373618084778
3.062728922080357
8.586283703963215
7.810160636721179
2.9655068830151077
5.432074514456155
4.609901487754834
6.861088518210155
6.780700361037713
6.31346231970703
8.193479433266837
5.228409212683279
2.5156717314710018
5.582551139251184
13.183346313135734
4.693965763305061
4.428017514604625
7.586367406832628
10.021005951232215
6.2008475315610285
2.5897878431419357
5.348129979008907
6.491911592815619
4.31049549048296
6.000380271482357
4.439491090849551
3.789765921299159
4.023157061287218
4.269321087104949
9.088989882286528
6.306248711387632
8.77360901447201
11.066852040232959
9.0798441151268
5.726355753612142
6.81890005826668
4.531491046373461
3.7291342235485554
6.519102777065089
6.3058092585781775
5.034125347030627
6.996964424087556
4.956372668588644
8.019330297874154
3.7200657829991792
9.291936485327511
7.772219431559024
6.143810645598043
3.7352606432812703
8.921011255540684
2.417952178998596
5.921400079272429
2.912098644464924
14.626624013632856
6.27489054934638
5.335613530300171
6.004935586573897
5.771564402443552
4.8702184032670806
4.396010099370394
6.738725704248049
3.127466281694497
7.580782606168162
2.671924393400661
5.3980836126252685
3.906984894116408
5.190728747210837
7.7342776788187315
4.312465240835488
6.7036501778123565
2.7410672533510154
7.451726923438603
4.352038196517796
4.611479829627143
3.172842119152285
7.115106727255249
8.941321808893203
5.194525709666155
3.120936286874141
5.912015563345204
5.786424529322458
2.194306273014987
8.308514033299012
6.40973978091214
3.4783049421489447
6.312148792186566
9.75118463801333
4.885785427920475
9.882051577546871
3.9842396598061542
2.9927598541292095
4.272256436284504
4.517363603723913
5.841550212566028
7.373571097688264
5.600333821997916
11.930664691721455
6.5066600306017985
9.149052171580957
4.107313687206987
6.992430080105078
7.2342526623932315
7.8305929339775036
5.4770512299112655
3.2697482118023284
5.32719871630438
5.718518949137201
6.484901384355238
4.1440279739129045
5.079115776478407
5.794290535415781
4.796741304313871
7.007676750033134
6.971232128646105
7.9164584144193055
9.43775778594955
2.6915766058434745
3.4915710777157907
5.178103605392489
2.7242785508547036
4.22938796202935
13.585463403215115
3.2613560757115216
5.608119610050537
7.139719744629731
2.983513349541142
4.00148837830688
5.61613310319953
5.837190273745359
7.47194620650587
4.234295446591451
6.171867024109359
5.8901102944435655
9.977845416172185
5.110964912010619
6.989567811881934
6.303252836162827
4.885132920480885
4.657920374337932
3.1898985013245995
4.894753333816236
5.8917886162719455
6.414758113336735
5.828410871223525
5.310493547995775
6.821839311159443
4.280023950930005
5.264553974620782
7.847753106565482
3.72309100249367
5.931632727101654
6.446145186403172
4.311701296860532
10.247541172527356
5.3269402872203955
3.3236299304333023
5.535687578069009
3.8230420432360894
8.911540443252502
2.901441879635736
9.71003048249445
3.726930657966183
7.388741080072438
7.31332706749857
3.5904059716544077
10.278534159805893
6.974990477676904
5.839854782521073
8.06578165612496
2.955343294480386
7.125608591438432
4.905719823597443
5.411396779077879
3.4941731167408085
10.734995192606329
3.5987063877823875
10.37944801245523
9.381909441159875
7.624815755310833
5.113371090307357
5.595597521641962
5.581504913193194
7.13717247623362
10.55927615879405
6.302178982839881
7.591220479374415
8.448651671430701
3.866404132641033
9.721923703011829
7.204625508423756
3.7469333729070815
6.840572555487579
7.018641048195098
7.635248395889948
5.280768338379519
3.810167786786948
3.832814343811449
6.781301123357263
3.5504683920128035
3.7936160038496416
5.858543408842281
3.6828749668292997
8.37994100007962
7.655410714633435
6.793413270403881
6.569440911770446
7.531777660201412
3.1157646954060647
5.042504581365547
9.722672699246704
5.497870863244476
6.0893841294965085
4.838616620107164
1.8338464439492883
10.123425956564844
4.199706838833834
4.330329197495918
5.424777795220126
5.415577874802906
7.174082280055777
3.865614363661007
2.556669690193582
8.934589768773387
3.6666670034378637
11.229243460368282
8.479479576919248
4.178954919381532
5.0695167625051285
5.01401379814584
8.893645211272963
4.975127622400773
7.891209456732453
4.179701167083471
5.6167076490444785
2.9569350509550016
3.9243733602146884
5.328827978620229
7.455269250905223
7.4460513941619775
8.02757934709673
7.226179516222102
9.97055626347258
7.973353527906501
4.864625129052776
6.725723295424747
4.1960267479275775
11.302766132179173
4.699453190251429
7.147191772994168
5.828371089292852
5.342407725446844
7.664997438914648
8.62993681342006
1.9192285010825856
14.053346013681061
10.278226820169229
14.825780599472788
10.045936043601206
6.634247953055334
6.201711553462031
7.364709343374685
8.107269008818777
5.098905941279823
3.2049775904530837
4.086192780504002
7.689083921615096
10.349731581303486
11.872884739480627
11.881128835916984
3.5703195434454384
6.428000346772535
5.781307875174778
6.883755837907628
4.77082424929092
5.325091494445347
8.126804734521066
7.1585475344340574
5.220360590997442
5.148044931412229
5.840772530310373
4.680930292032812
8.289019796535246
6.682132798429279
9.889561001145541
4.178745809293151
10.412995829734287
3.4226843080324083
2.3984894418169187
6.074778330111584
9.987773963947557
7.4915579625507105
2.891714548804973
7.247414454527696
5.444763938159327
5.6849438003856285
4.1778160163716
5.601858393613602
5.816233529636606
4.858922279403793
4.8866490635929445
2.131821761991747
4.237239858738789
3.2283935365216854
8.024268327678147
5.028430898632796
9.831992014407502
9.04180390755238
3.369637403078242
4.639861267127772
4.801054423677812
5.530638099840768
7.829321235371579
7.381818503759461
5.750105330492453
6.319820253149992
2.117510422144474
7.159945963415909
5.469562085913024
4.407903812759667
6.223435883012656
12.929386585815937
5.690526366355581
5.682275310252963
5.803990089044405
6.788892550749547
13.148428693989345
3.7683322602619844
3.711356650051553
6.641325731170411
6.360846162123763
4.557376211631134
3.4849545210707253
7.131587127085563
9.68706878078172
7.291873720497154
4.742111679705806
8.144948945672562
8.151384549929958
7.798058101862862
3.1555362484228895
3.5441211331100044
7.070048356552563
8.677003406285674
3.1947796164183293
6.572240168008735
6.29685995485291
9.246830311211596
6.125124276591728
6.846934238516338
3.836630501683586
4.452757371935415
3.364639051525238
8.004889570796974
6.720587268574873
5.259124762619742
7.170304083521026
4.456633233743756
8.857827824012444
5.0736554071281486
4.472543954566915
6.4453118000420355
3.750089454701056
3.941696514089359
6.2459434678121895
3.9413075813856038
7.4864956567675724
2.4811728174531784
7.943223614131273
4.58498519044848
4.260986410103997
7.141636790118134
6.083569911546251
6.638698458972196
11.965115797390734
3.2603346004567153
12.481534822448806
4.8917823137652405
5.027207135344521
7.753313285433338
5.184376356131406
2.7525145780106257
6.790627262564195
4.242651374825026
4.958403210080719
6.2852847614790965
10.094694361452161
5.402325379485683
8.072895953150505
5.653581191361472
4.695448929461824
3.9562002516163393
3.966304661273981
5.54526440247284
3.963052423153234
5.542406332245911
2.677627621759104
5.825877964345749
8.309221938341457
3.447254861732348
4.157487470327292
5.150343948751204
3.565602094177266
5.28451205868986
3.059484688463174
7.362001855099839
5.317510977377148
4.606250759795327
4.878940972640552
10.2057784328449
4.431365099274988
6.68005887447882
4.309975156706003
12.378247357168558
6.8282694135707205
3.774218408090868
2.9771497172271024
4.189369649538096
2.689868808260258
6.694368621803946
5.231363001051858
5.649003283476878
4.8867246114943255
8.054669508448923
5.611752783579393
4.590853120398266
6.540936380723673
5.176063117773391
6.2803893411180995
7.283406489636615
8.901884869183768
8.36087834318958
4.784766063623259
6.602667732237499
9.342414040230508
6.790807241135748
5.625299383334197
3.9154711667985644
6.450577699373619
5.284996727645815
6.221733962449712
3.6275921889528546
7.614550290302376
10.160465635575921
8.498325534173139
7.3806677335378
8.066865506448181
5.46399183027848
4.108510974519584
3.5371865136743943
5.416998436454672
6.4118584765018465
3.273962213418808
2.5446474436532487
5.670632191792595
5.688544683085091
8.747393101835865
5.797102337921746
2.9709233833694677
5.069689319056663
3.8035032060901113
3.6665741184703893
4.490671566251961
12.228213543972997
8.020843447794256
7.096654918135658
5.7633710660735105
10.851042429672265
6.052804626147746
7.132589738305552
4.87250103315071
5.428549344597042
5.400693318052785
7.657150525204467
8.536945187032781
5.5396922081505195
2.3411870280295792
4.641713590469771
5.114251283053105
8.507601990161275
6.514401051135861
4.26890205103835
8.15688767580471
6.548571015649244
3.358183798665828
7.095232007762999
7.370667351793804
3.2835390839259255
7.5070910498672205
6.884120475154214
0
15.059655655021013
6.415448520327822
5.9564283473223805
6.181825068373158
3.8908943814545474
3.199211021650908
2.494307036945396
8.243627707979877
2.371983223547596
6.080240194210117
4.653044614130822
4.8411761488120355
4.5835876849910155
8.346807347724221
4.143964883872684
5.177688178753094
4.024323239211377
4.119300452835962
4.155124461021425
6.795596727638693
8.179385418776663
